4,
2,
3,
4,
5,
5,
6,
7,
9,
10,
12,
4,
6,
8,
9,
11,
12,
16,
16,
16,
16,
5,
8,
10,
12,
15,
16,
16,
16,
16,
16,
5,
8,
10,
12,
16,
16,
16,
16,
16,
16,
6,
9,
16,
16,
16,
16,
16,
16,
16,
16,
6,
10,
16,
16,
16,
16,
16,
16,
16,
16,
7,
11,
16,
16,
16,
16,
16,
16,
16,
16,
7,
11,
16,
16,
16,
16,
16,
16,
16,
16,
8,
16,
16,
16,
16,
16,
16,
16,
16,
16,
9,
16,
16,
16,
16,
16,
16,
16,
16,
16,
9,
16,
16,
16,
16,
16,
16,
16,
16,
16,
9,
16,
16,
16,
16,
16,
16,
16,
16,
16,
9,
16,
16,
16,
16,
16,
16,
16,
16,
16,
11,
16,
16,
16,
16,
16,
16,
16,
16,
16,
14,
16,
16,
16,
16,
16,
16,
16,
16,
16,
10,
15,
16,
16,
16,
16,
16,
16,
16,
16,
16,
